"x_m","p_pa"
500.179595959596,3.2927174991966616e7
500.3591919191919,3.1667514714703333e7
500.53878787878784,3.1096251760279067e7
500.71838383838383,3.075919338827012e7
500.8979797979798,3.0523870974272802e7
501.07757575757574,3.0342995252115257e7
501.25717171717173,3.0195867476353385e7
501.43676767676766,3.007176901847637e7
501.61636363636364,2.996442725810321e7
501.79595959595963,2.9869842329740487e7
501.97555555555556,2.9785301456399824e7
502.1551515151515,2.9708877884738944e7
502.3347474747475,2.9639153057519063e7
502.51434343434346,2.9575051974745817e7
502.6939393939394,2.9515740399119474e7
502.8735353535353,2.94605579085413e7
503.0531313131313,2.940897274489506e7
503.2327272727273,2.936055045183582e7
503.4123232323232,2.9314931533301525e7
503.5919191919192,2.927181518564837e7
503.77151515151513,2.9230947222734213e7
503.9511111111111,2.919211095992862e7
504.1307070707071,2.915512022726363e7
504.31030303030303,2.911981394150108e7
504.48989898989896,2.9086051837578055e7
504.66949494949495,2.905371107455238e7
504.84909090909093,2.902268350969056e7
505.02868686868686,2.8992873489055686e7
505.2082828282828,2.896419604169018e7
505.3878787878788,2.8936575392313804e7
505.56747474747476,2.8909943727713447e7
505.74707070707075,2.8884240166929323e7
505.9266666666667,2.88594098964696e7
506.1062626262626,2.8835403440168574e7
506.2858585858586,2.8812176039680734e7
506.4654545454546,2.8789687126500886e7
506.6450505050505,2.8767899870193638e7
506.82464646464643,2.8746780790478356e7
507.0042424242424,2.872629942314782e7
507.1838383838384,2.8706428031648386e7
507.36343434343434,2.868714135762737e7
507.54303030303026,2.866841640494239e7
507.72262626262625,2.865023225259165e7
507.90222222222224,2.8632569892811183e7
508.0818181818182,2.8615412091233157e7
508.26141414141415,2.859874326653708e7
508.4410101010101,2.8582549387476414e7
508.62060606060606,2.856681788554466e7
508.80020202020205,2.8551537581872504e7
508.97889999999995,2.853677282200531e7
517.3758068965517,2.7863020041120987e7
533.9918206896552,2.7299573135196388e7
550.6078344827586,2.6944220800699096e7
567.2238482758621,2.6677313293251228e7
583.8398620689654,2.645809434181967e7
600.455875862069,2.6268133718940113e7
617.0718896551724,2.6097540929928858e7
633.6879034482758,2.5940390824257832e7
650.3039172413794,2.5792849185469974e7
666.9199310344827,2.5652284587821394e7
683.5359448275863,2.55168005435325e7
700.1519586206896,2.5384967559486605e7
716.7679724137931,2.5255658142190173e7
733.3839862068965,2.5127937760144714e7
750.0,2.500098695388026e7
766.6160137931035,2.4874040239346057e7
783.2320275862069,2.4746332416763924e7
799.8480413793104,2.4617044917803183e7
816.4640551724137,2.4485244834054388e7
833.0800689655173,2.434980727420197e7
849.6960827586206,2.4209306772666402e7
866.3120965517242,2.406185310147648e7
882.9281103448276,2.3904824845230106e7
899.544124137931,2.373440460096471e7
916.1601379310346,2.354469757163848e7
932.7761517241379,2.332587407645448e7
949.3921655172414,2.3059646236286256e7
966.0081793103448,2.2705681981916115e7
982.6241931034483,2.214616616069479e7
991.0210999999999,2.148285615362398e7
991.199797979798,2.1468331709754504e7
991.3793939393939,2.1453311731713172e7
991.5589898989899,2.143785991262589e7
991.7385858585858,2.1421965737943985e7
991.9181818181819,2.1405617418755163e7
992.0977777777778,2.1388801826394476e7
992.2773737373738,2.1371504414550185e7
992.4569696969697,2.135370912766466e7
992.6365656565656,2.133539829415631e7
992.8161616161617,2.1316552502670404e7
992.9957575757576,2.129715045919242e7
993.1753535353535,2.1277168822413813e7
993.3549494949496,2.1256582014207534e7
993.5345454545454,2.1235362001427744e7
993.7141414141414,2.1213478044464644e7
993.8937373737374,2.1190896407025155e7
994.0733333333333,2.1167580020423833e7
994.2529292929294,2.1143488094193283e7
994.4325252525252,2.111857566297569e7
994.6121212121212,2.1092793057327416e7
994.7917171717172,2.106608528310706e7
994.9713131313131,2.1038391290325854e7
995.1509090909092,2.100964310744295e7
995.330505050505,2.097976481071154e7
995.5101010101009,2.094867128980021e7
995.689696969697,2.0916266759786993e7
995.8692929292929,2.0882442954696428e7
996.0488888888889,2.0847076917494416e7
996.2284848484849,2.0810028273630626e7
996.4080808080807,2.0771135836481724e7
996.5876767676768,2.073021333833351e7
996.7672727272727,2.0687044002020366e7
996.9468686868687,2.064137355368027e7
997.1264646464647,2.0592901106398236e7
997.3060606060606,2.0541267084949523e7
997.4856565656567,2.0486036957619004e7
997.6652525252525,2.0426678894418314e7
997.8448484848484,2.0362532404600114e7
998.0244444444445,2.029276318518291e7
998.2040404040404,2.0216296173217136e7
998.3836363636364,2.0131712751009595e7
998.5632323232323,2.0037086107051857e7
998.7428282828282,1.9929703408277165e7
998.9224242424243,1.980556473501178e7
999.1020202020202,1.965839741441208e7
999.2816161616162,1.947748276705065e7
999.4612121212122,1.9242121997948557e7
999.640808080808,1.8905025792623192e7
999.8204040404041,1.83337254794324e7
1000.0,1.7074028271639384e7
