"x_m","p_pa"
498.125,3.2132727949228305e7
499.375,3.130356715748894e7
500.625,3.004175753637119e7
501.875,2.946831884095923e7
503.125,2.9129058055342186e7
504.375,2.8891506242028754e7
505.625,2.870837378369653e7
506.875,2.855896154519174e7
508.125,2.8432550469201528e7
509.375,2.8322867466875505e7
510.625,2.822591216396113e7
511.875,2.8138971233745642e7
513.125,2.8060117331461575e7
514.375,2.7987931265940923e7
515.625,2.792133735987678e7
516.875,2.785950065430907e7
518.125,2.780175996007098e7
519.375,2.7747582705404148e7
520.625,2.76965335724627e7
521.875,2.7648252154408593e7
523.125,2.760243668598503e7
524.375,2.755883196687689e7
525.625,2.7517220243820105e7
526.875,2.747741422165583e7
528.125,2.7439251633085903e7
529.375,2.740259096756953e7
530.625,2.736730807446019e7
531.875,2.733329343399974e7
533.125,2.730044994449986e7
534.375,2.7268691112775538e7
535.625,2.7237939562718097e7
536.875,2.7208125797148213e7
538.125,2.7179187163013853e7
539.375,2.7151066981121413e7
540.625,2.71237138099668e7
541.875,2.709708081960557e7
543.125,2.707112525639288e7
544.375,2.7045807983210757e7
545.625,2.702109308275544e7
546.875,2.6996947513781026e7
548.125,2.6973340812035672e7
549.375,2.6950244829092998e7
550.625,2.6927633503458004e7
551.875,2.6905482659276035e7
553.125,2.6883769828743696e7
554.375,2.6862474094949175e7
555.625,2.684157595238472e7
556.875,2.6821057182798784e7
558.125,2.6800900744406678e7
559.375,2.6781090672770984e7
560.625,2.6761611991906825e7
561.875,2.6742450634371653e7
563.125,2.672359336927128e7
564.375,2.670502773725924e7
565.625,2.6686741991729617e7
566.875,2.6668725045508374e7
568.125,2.665096642243732e7
569.375,2.6633456213321596e7
570.625,2.66161850357769e7
571.875,2.659914399756933e7
573.125,2.658232466308945e7
574.375,2.656571902264424e7
575.625,2.6549319464287475e7
576.875,2.6533118747940626e7
578.125,2.6517109981584292e7
579.375,2.6501286599324495e7
580.625,2.64856423411593e7
581.875,2.6470171234289873e7
583.125,2.6454867575836685e7
584.375,2.643972591683577e7
585.625,2.6424741047402978e7
586.875,2.6409907982965242e7
588.125,2.6395221951468073e7
589.375,2.6380678381477278e7
590.625,2.636627289110093e7
591.875,2.635200127766449e7
593.125,2.633785950807852e7
594.375,2.6323843709843777e7
595.625,2.6309950162643857e7
596.875,2.629617529047968e7
598.125,2.62825156543045e7
599.375,2.6268967945121672e7
600.625,2.625552897751051e7
601.875,2.62421956835489e7
603.125,2.622896510710365e7
604.375,2.6215834398462165e7
605.625,2.6202800809281293e7
606.875,2.6189861687830906e7
608.125,2.61770144745119e7
609.375,2.616425669762971e7
610.625,2.6151585969406012e7
611.875,2.6138999982212663e7
613.125,2.612649650501308e7
614.375,2.6114073379997488e7
615.625,2.6101728519399434e7
616.875,2.608945990248191e7
618.125,2.607726557268232e7
619.375,2.6065143634906314e7
620.625,2.605309225296115e7
621.875,2.604110964712011e7
623.125,2.6029194091809846e7
624.375,2.6017343913413305e7
625.625,2.6005557488181308e7
626.875,2.5993833240246363e7
628.125,2.598216963973265e7
629.375,2.5970565200956695e7
630.625,2.5959018480713427e7
631.875,2.594752807664277e7
633.125,2.5936092625672262e7
634.375,2.5924710802531425e7
635.625,2.5913381318333838e7
636.875,2.5902102919223327e7
638.125,2.5890874385080636e7
639.375,2.5879694528287437e7
640.625,2.586856219254451e7
641.875,2.5857476251741268e7
643.125,2.5846435608873915e7
644.375,2.583543919500969e7
645.625,2.5824485968294844e7
646.875,2.5813574913004022e7
648.125,2.5802705038629044e7
649.375,2.5791875379005022e7
650.625,2.5781084991471972e7
651.875,2.5770332956070114e7
653.125,2.5759618374767285e7
654.375,2.574894037071676e7
655.625,2.5738298087544136e7
656.875,2.572769068866178e7
658.125,2.571711735660954e7
659.375,2.570657729242051e7
660.625,2.569606971501062e7
661.875,2.568559386059092e7
663.125,2.5675148982101563e7
664.375,2.5664734348666407e7
665.625,2.565434924506734e7
666.875,2.564399297123739e7
668.125,2.563366484177178e7
669.375,2.5623364185456138e7
670.625,2.561309034481102e7
671.875,2.560284267565211e7
673.125,2.5592620546665322e7
674.375,2.5582423338996217e7
675.625,2.557225044585297e7
676.875,2.5562101272122506e7
678.125,2.555197523399902e7
679.375,2.554187175862448e7
680.625,2.5531790283740513e7
681.875,2.552173025735125e7
683.125,2.5511691137396615e7
684.375,2.5501672391435612e7
685.625,2.5491673496339235e7
686.875,2.5481693937992483e7
688.125,2.5471733211005244e7
689.375,2.5461790818431538e7
690.625,2.545186627149682e7
691.875,2.544195908933306e7
693.125,2.543206879872113e7
694.375,2.542219493384034e7
695.625,2.5412337036024746e7
696.875,2.5402494653525915e7
698.125,2.5392667341281988e7
699.375,2.5382854660692643e7
700.625,2.5373056179399792e7
701.875,2.5363271471073743e7
703.125,2.5353500115204617e7
704.375,2.534374169689874e7
705.625,2.5333995806679867e7
706.875,2.5324262040294982e7
708.125,2.531453999852449e7
709.375,2.530482928699661e7
710.625,2.5295129516005807e7
711.875,2.5285440300335005e7
713.125,2.527576125908153e7
714.375,2.5266092015486527e7
715.625,2.52564321967677e7
716.875,2.5246781433955252e7
718.125,2.5237139361730877e7
719.375,2.522750561826961e7
720.625,2.521787984508443e7
721.875,2.5208261686873496e7
723.125,2.5198650791369837e7
724.375,2.518904680919341e7
725.625,2.517944939370537e7
726.875,2.5169858200864438e7
728.125,2.5160272889085256e7
729.375,2.5150693119098626e7
730.625,2.514111855381347e7
731.875,2.5131548858180456e7
733.125,2.5121983699057147e7
734.375,2.5112422745074596e7
735.625,2.5102865666505214e7
736.875,2.5093312135131937e7
738.125,2.508376182411843e7
739.375,2.5074214407880403e7
740.625,2.5064669561957747e7
741.875,2.5055126962887604e7
743.125,2.5045586288078085e7
744.375,2.503604721568268e7
745.625,2.50265094244752e7
746.875,2.501697259372515e7
748.125,2.5007436403073512e7
749.375,2.499790053240876e7
750.625,2.4988364661743067e7
751.875,2.4978828471088596e7
753.125,2.4969291640333828e7
754.375,2.495975384911973e7
755.625,2.495021477671582e7
756.875,2.4940674101895902e7
758.125,2.493113150281346e7
759.375,2.492158665687661e7
760.625,2.4912039240622483e7
761.875,2.4902488929590978e7
763.125,2.4892935398197778e7
764.375,2.488337831960657e7
765.625,2.4873817365600254e7
766.875,2.4864252206451263e7
768.125,2.485468251079064e7
769.375,2.484510794547592e7
770.625,2.4835528175457787e7
771.875,2.4825942863645144e7
773.125,2.481635167076879e7
774.375,2.4806754255243354e7
775.625,2.4797150273027547e7
776.875,2.4787539377482522e7
778.125,2.477792121922821e7
779.375,2.4768295445997648e7
780.625,2.4758661702488977e7
781.875,2.474901963021516e7
783.125,2.4739368867351227e7
784.375,2.4729709048578843e7
785.625,2.4720039804928225e7
786.875,2.4710360763617046e7
788.125,2.470067154788644e7
789.375,2.4690971776833717e7
790.625,2.4681261065241788e7
791.875,2.4671539023405097e7
793.125,2.4661805256951857e7
794.375,2.465205936666245e7
795.625,2.464230094828384e7
796.875,2.4632529592339765e7
798.125,2.4622744883936543e7
799.375,2.4612946402564257e7
800.625,2.460313372189321e7
801.875,2.459330640956529e7
803.125,2.4583464026980158e7
804.375,2.4573606129075922e7
805.625,2.4563732264104143e7
806.875,2.4553841973398842e7
808.125,2.4543934791139316e7
809.375,2.4534010244106412e7
810.625,2.452406785143206e7
811.875,2.4514107124341715e7
813.125,2.4504127565889355e7
814.375,2.449412867068484e7
815.625,2.4484109924613163e7
816.875,2.4474070804545272e7
818.125,2.446401077804015e7
819.375,2.4453929303037688e7
820.625,2.4443825827541992e7
821.875,2.4433699789294668e7
823.125,2.4423550615437634e7
824.375,2.441337772216507e7
825.625,2.4403180514363863e7
826.875,2.439295838524216e7
828.125,2.438271071594548e7
829.375,2.4372436875159707e7
830.625,2.436213621870049e7
831.875,2.4351808089088358e7
833.125,2.434145181510889e7
834.375,2.4331066711357284e7
835.625,2.4320652077766523e7
836.875,2.431020719911846e7
838.125,2.429973134453692e7
839.375,2.4289223766962e7
840.625,2.4278683702604726e7
841.875,2.4268110370380975e7
843.125,2.4257502971323807e7
844.375,2.4246860687973026e7
845.625,2.4236182683740955e7
846.875,2.4225468102253135e7
848.125,2.4214716066662814e7
849.375,2.420392567893777e7
850.625,2.419309601911818e7
851.875,2.4182226144544013e7
853.125,2.4171315089050326e7
854.375,2.4160361862128902e7
855.625,2.414936544805433e7
856.875,2.41383248049728e7
858.125,2.412723886395151e7
859.375,2.411610652798661e7
860.625,2.4104926670967452e7
861.875,2.409369813659476e7
863.125,2.4082419737250153e7
864.375,2.407109025281432e7
865.625,2.405970842943102e7
866.875,2.4048272978213787e7
868.125,2.4036782573892068e7
869.375,2.4025235853393346e7
870.625,2.4013631414357487e7
871.875,2.4001967813579354e7
873.125,2.3990243565375395e7
874.375,2.3978457139869742e7
875.625,2.3966606961194824e7
876.875,2.3954691405601397e7
878.125,2.3942708799472343e7
879.375,2.3930657417234242e7
880.625,2.391853547916029e7
881.875,2.3906341149057694e7
883.125,2.389407253183201e7
884.375,2.388172767092058e7
885.625,2.3869304545586318e7
886.875,2.3856801068062685e7
888.125,2.384421508053983e7
889.375,2.3831544351981096e7
890.625,2.3818786574758243e7
891.875,2.380593936109288e7
893.125,2.3793000239290338e7
894.375,2.3779966649751447e7
895.625,2.376683594074598e7
896.875,2.3753605363930695e7
898.125,2.3740272069592915e7
899.375,2.372683310159934e7
900.625,2.3713285392027777e7
901.875,2.369962575545744e7
903.125,2.368585088289158e7
904.375,2.367195733528336e7
905.625,2.3657941536633607e7
906.875,2.364379976662579e7
908.125,2.3629528152760595e7
909.375,2.361512266194845e7
910.625,2.360057909151473e7
911.875,2.3585893059567377e7
913.125,2.3571059994672112e7
914.375,2.3556075124774322e7
915.625,2.3540933465300824e7
916.875,2.352562980636735e7
918.125,2.351015869900982e7
919.375,2.349451444034858e7
920.625,2.3478691057584688e7
921.875,2.346268229071607e7
923.125,2.344648157384863e7
924.375,2.343008201496285e7
925.625,2.3413476373980045e7
926.875,2.339665703895387e7
928.125,2.337961600019118e7
929.375,2.336234482208238e7
930.625,2.3344834612393454e7
931.875,2.3327075988739945e7
933.125,2.3309059041926857e7
934.375,2.329077329579586e7
935.625,2.327220766317275e7
936.875,2.325335039745148e7
938.125,2.3234189039285414e7
939.375,2.321471035778022e7
940.625,2.31949002854932e7
941.875,2.3174743846439295e7
943.125,2.315422507618094e7
944.375,2.313332693293328e7
945.625,2.3112031198444594e7
946.875,2.309031836720697e7
948.125,2.3068167522308413e7
949.375,2.3045556195945352e7
950.625,2.3022460212262955e7
951.875,2.2998853509766042e7
953.125,2.297470794002805e7
954.375,2.2949993038796935e7
955.625,2.292467576482662e7
956.875,2.2898720200813152e7
958.125,2.2872087209638346e7
959.375,2.2844734037657164e7
960.625,2.2816613854924966e7
961.875,2.2787675219937447e7
963.125,2.2757861453500796e7
964.375,2.2727109902562756e7
965.625,2.26953510699438e7
966.875,2.2662507579535034e7
968.125,2.262849293815121e7
969.375,2.2593210044103783e7
970.625,2.255654937763438e7
971.875,2.2518386788096257e7
973.125,2.247858076494836e7
974.375,2.2436969040892307e7
975.625,2.2393364320768997e7
976.875,2.2347548851314105e7
978.125,2.2299267432212267e7
979.375,2.224821829820643e7
980.625,2.219404104245828e7
981.875,2.2136300347121682e7
983.125,2.2074463640438e7
984.375,2.2007869733240157e7
985.625,2.1935683666567788e7
986.875,2.1856829763113707e7
988.125,2.176988883170962e7
989.375,2.1672933527587768e7
990.625,2.15632505240351e7
991.875,2.1436839446798764e7
993.125,2.1287427207028057e7
994.375,2.110429474740983e7
995.625,2.0866742932789993e7
996.875,2.05274821458458e7
998.125,1.995404344908564e7
999.375,1.8692233826598305e7
1000.625,1.786307303485894e7
